linija 16A 2021-01-07
>#RAD
04 45
05 00 15 35 55
06 15 35 55
07 15 35 55
08 15 45
09 15 45
10 15 45
11 15 35 55
12 15 35 58
13 15 35
14 00 15 35
15 05 30
16 00 30
17 00 30
18 00 30
19 00 30
20 00 25 55
21 40
22 15

>#SUB
04 45
05 00 30
06 10 40
07 20 50
08 20 50
09 20 50
10 20 50
11 20 50
12 20 50
13 20 50
14 20 50
15 20 50
16 20 50
17 20 50
18 20 50
19 20 50
20 20
21 05
22 15

>#NED
04 45
05 00 30
06 10 40
07 20 50
08 20 50
09 20 50
10 20 50
11 20 50
12 20 50
13 20 50
14 20 50
15 20 50
16 20 50
17 20 50
18 20 50
19 20 50
20 20
21 05
22 15
