linija 16B 2021-01-07
>#RAD
05 05 35 55
06 15 35 55
07 15 35 55
08 15 35
09 00 30
10 00 30
11 00 30 55
12 15 35 55
13 15 35
14 05 15 35
15 05 15 35
16 10 45
17 15 45
18 15 45
19 15 45
20 15 45
21 00 25
22 15 50

>#SUB
05 05 45
06 10 55
07 25
08 05 35
09 05 35
10 05 35
11 05 35
12 05 35
13 05 35
14 05 35
15 05 35
16 05 35
17 05 35
18 05 35
19 05 35
20 05 35
21 05
22 15 45

>#NED
05 05 45
06 10 55
07 25
08 05 35
09 05 35
10 05 35
11 05 35
12 05 35
13 05 35
14 05 35
15 05 35
16 05 35
17 05 35
18 05 35
19 05 35
20 05 35
21 05
22 15 45
