linija 1AA 2021-01-07
>#RAD
04 45odM
05 10 10odMešca 30
06 00 30 55
07 25 55
08 25 55
09 25 55
10 25 55
11 25 55
12 25 55
13 25
14 00 25 55
15 25 50
16 25 55
17 25 55
18 40
19 00 25
20 05
21 00
22 10 45doJ

>#SUB
04 55odM
05 20
06 00 15odM 40
07 10 45
08 25 55
09 25 55
10 25 55
11 25 55
12 25 55
13 25 55
14 20
15 05
16 00
17 00
18 00
19 00
20 00
21 00
22 10 40doJ

>#NED
04 55odM
05 20
06 00 15odM 40
07 10 45
08 25 55
09 25 55
10 25 55
11 25 55
12 25 55
13 25 55
14 20
15 05
16 00
17 00
18 00
19 00
20 00
21 00
22 10 40doJ
