linija 1AB 2021-01-07
>#RAD
04 45odJ
05 05 15odJ 30
06 00 30 55
07 10 40
08 10 40
09 10 40
10 10 40
11 10 40
12 10 40
13 10 40
14 05 40
15 10 40
16 10 40
17 10 40
18 15 40
19 20 40
20 10
21 00
22 10 40doM

>#SUB
05 05odJ 10
06 00 30
07 00 35
08 10 40
09 10 40
10 10 40
11 10 40
12 10 40
13 10 40
14 20
15 00
16 00
17 00
18 00
19 00
20 00
21 00
22 00 45doM

>#NED
05 05odJ 10
06 00 30
07 00 35
08 10 40
09 10 40
10 10 40
11 10 40
12 10 40
13 10 40
14 20
15 00
16 00
17 00
18 00
19 00
20 00
21 00
22 00 45doM
