linija 6A 2021-01-07
>#RAD
04 45odG
05 00 20 20odG 45
06 00 20 40
07 00 20 40
08 00 25 40
09 00 30
10 00 30
11 00 30
12 00 20 40
13 00 20 40
14 10 20 45
15 15 20 40
16 05 20 50
17 25 55
18 25 55
19 25
20 15 45
21 30
22 15 40doG

>#SUB
05 00odG 25
06 10 55odgara탑a
07 00 25 55
08 25 55
09 25 55
10 25 55
11 25 55
12 25 55
13 25 55
14 20 55
15 25 55
16 25 55
17 25 55
18 25 55
19 20 45
20 30 50doG
21 15
22 15 35dogara탑e

>#NED
05 00odG 25
06 10 55odgara탑a
07 00 25 55
08 25 55
09 25 55
10 25 55
11 25 55
12 25 55
13 25 55
14 20 55
15 25 55
16 25 55
17 25 55
18 25 55
19 20 45
20 30 50doG
21 15
22 15 35dogara탑e
