linija 6B 2021-01-07
>#RAD
04 40odG
05 00odG 05 20odG 35 50
06 00 30 50
07 10 30 50
08 10 30 50
09 10 45
10 15 45
11 15 45
12 15 43
13 10 30 50
14 10 30 55
15 10 30
16 00 20 40
17 10 40
18 10 40
19 10 40
20 10 55
21 30
22 05 45doG

>#SUB
05 05odG 10
06 00 45
07 10 40
08 10 40
09 10 40
10 10 40
11 10 40
12 10 40
13 10 40
14 10 40
15 10 40
16 10 40
17 10 40
18 10 40
19 10 45
20 10 30
21 15
22 03 40doG

>#NED
05 05odG 10
06 00 45
07 10 40
08 10 40
09 10 40
10 10 40
11 10 40
12 10 40
13 10 40
14 10 40
15 10 40
16 10 40
17 10 40
18 10 40
19 10 45
20 10 30
21 15
22 03 40doG
